           0   0.99228799            0
       0.125   0.99039739 -0.0075080753
        0.25   0.99060911 -0.014066418
       0.375   0.99163055 -0.025049511
         0.5   0.99010462 -0.031609807
       0.625   0.98746383  -0.03684967
        0.75   0.98902792 -0.047553379
       0.875   0.98914105 -0.056448374
           1   0.98814946 -0.061514821
       1.125   0.98779523 -0.069501318
        1.25   0.98942775 -0.079686336
       1.375   0.98620433 -0.088568583
         1.5   0.98524958 -0.094921902
       1.625   0.98406434  -0.10305865
        1.75   0.98264313  -0.10990659
       1.875   0.98066384  -0.11812923
           2    0.9806934  -0.12867106
       2.125   0.97779381  -0.13610572
        2.25   0.97723728  -0.14320624
       2.375   0.97582662  -0.15145256
         2.5   0.97424233  -0.15800856
       2.625   0.97295076  -0.16640991
        2.75   0.97028959   -0.1746776
       2.875   0.97201538   -0.1790465
           3   0.96770281  -0.19340937
       3.125   0.96680236  -0.19782586
        3.25   0.96491128   -0.2075496
       3.375   0.96174312  -0.21119872
         3.5   0.95834255  -0.21837713
       3.625   0.95612651  -0.22713916
        3.75    0.9534837  -0.23599851
       3.875   0.95211357  -0.24169858
           4   0.95120937  -0.24945407
       4.125   0.94760662    -0.257209
        4.25   0.94604754  -0.26656348
       4.375    0.9418875   -0.2720989
         4.5   0.94011128  -0.27578041
       4.625    0.9345969  -0.28941855
        4.75   0.93397027  -0.29443035
       4.875    0.9316836  -0.30106223
           5   0.92781383  -0.30666506
       5.125   0.92183477  -0.31407732
        5.25     0.921112   -0.3211492
       5.375    0.9175123  -0.32870674
         5.5   0.91536003  -0.33646914
       5.625   0.91259354  -0.34281021
        5.75   0.90858299  -0.34984142
       5.875   0.90616411  -0.35692632
           6   0.90173566  -0.36359936
       6.125   0.89995581  -0.37164325
        6.25   0.89416462  -0.37684628
       6.375   0.89086968  -0.38291794
         6.5   0.88781911  -0.38935405
       6.625    0.8838585  -0.39629486
        6.75   0.88044339  -0.40252733
       6.875   0.87649685  -0.40896297
           7   0.87239093  -0.41553035
       7.125   0.86798078  -0.42135939
        7.25   0.86603022  -0.42721158
       7.375   0.86170465  -0.43481937
         7.5   0.85808712  -0.43902463
       7.625   0.85146964  -0.44730234
        7.75   0.84864998   -0.4528341
       7.875   0.84433103  -0.45763916
           8    0.8404569  -0.46419719
       8.125   0.83645684  -0.47023031
        8.25   0.83134532  -0.47649643
       8.375   0.82623309   -0.4819324
         8.5   0.82311368  -0.48763189
       8.625   0.81837714  -0.49286544
        8.75   0.81460923  -0.49826917
       8.875   0.81024939  -0.50323039
           9   0.80305243  -0.50802916
       9.125   0.79980659  -0.51556915
        9.25   0.79718763  -0.51843709
       9.375   0.78978091  -0.52758563
         9.5   0.78723657  -0.53195071
       9.625    0.7814815  -0.53653306
        9.75   0.77748019  -0.54096782
       9.875   0.77391815  -0.54367745
          10   0.76686996  -0.54994041
      10.125   0.76189005  -0.55558956
       10.25   0.75799221  -0.55979973
      10.375   0.75440204  -0.56662774
        10.5    0.7486881  -0.57089114
      10.625    0.7459923  -0.57599103
       10.75   0.73737276  -0.58393174
      10.875   0.73528731  -0.58491212
          11   0.73058444  -0.58908463
      11.125   0.72319174  -0.59696591
       11.25   0.71927553  -0.59923583
      11.375   0.71518528  -0.60274005
        11.5   0.70996422  -0.60933715
      11.625   0.70422298  -0.61248881
       11.75    0.6993984  -0.61379248
      11.875    0.6936217  -0.62170142
          12   0.69032979    -0.623873
      12.125   0.68239427  -0.63046426
       12.25   0.67824751  -0.63532943
      12.375   0.67416424  -0.63792169
        12.5   0.66902226  -0.63907266
      12.625   0.66379756  -0.64561933
       12.75   0.66059393  -0.64915645
      12.875   0.65268695  -0.65281534
          13   0.64628994  -0.65576816
      13.125   0.64354217  -0.66147566
       13.25   0.63929325  -0.66469228
      13.375    0.6340872  -0.66821605
        13.5   0.62821883  -0.67339808
      13.625   0.62177962  -0.67669034
       13.75   0.61823785   -0.6797927
      13.875   0.61353183  -0.68220067
          14   0.60619324  -0.68742156
      14.125   0.60282284  -0.69052458
       14.25   0.59893501  -0.69459444
      14.375   0.59120977  -0.69780636
        14.5   0.58630097  -0.70005566
      14.625   0.58089942   -0.7041533
       14.75   0.57611293  -0.70718074
      14.875   0.56948096   -0.7103107
          15   0.56562746  -0.71314317
      15.125   0.56057674  -0.71681833
       15.25   0.55308032  -0.72063661
      15.375   0.54925734  -0.72326207
        15.5   0.54491752  -0.72470999
      15.625   0.53969675  -0.72935337
       15.75   0.53408843  -0.73226392
      15.875   0.52640694  -0.73505491
          16   0.52399093  -0.73742574
      16.125   0.51894641  -0.74008304
       16.25    0.5131169  -0.74381179
      16.375   0.50816286   -0.7479313
        16.5   0.50308388  -0.75063425
      16.625    0.4974699  -0.75461054
       16.75   0.49166766  -0.75610203
      16.875   0.48721489  -0.75830132
          17   0.48185551   -0.7599684
      17.125    0.4748933  -0.76188689
       17.25   0.46997583  -0.76504296
      17.375   0.46400225  -0.76747757
        17.5   0.45846069  -0.77055329
      17.625   0.45480394  -0.77302653
       17.75   0.44889542  -0.77453279
      17.875   0.44324237  -0.77714336
          18   0.43879989  -0.78074354
      18.125   0.43293306  -0.78295046
       18.25   0.42637867  -0.78717166
      18.375   0.42294848  -0.78824764
        18.5   0.41763237  -0.79031521
      18.625   0.41207469   -0.7928254
       18.75   0.40571004  -0.79494715
      18.875   0.40313774  -0.79739916
          19   0.39638135  -0.79957837
      19.125   0.39122504  -0.80003583
       19.25   0.38507247  -0.80173731
      19.375   0.38105038  -0.80671275
        19.5   0.37376589  -0.80851924
      19.625   0.36962375  -0.81012332
       19.75   0.36267844  -0.81285608
      19.875   0.35729125  -0.81498164
          20   0.35239238  -0.81706387
      20.125   0.34789911  -0.81817347
       20.25   0.34344238  -0.82158756
      20.375   0.33671263  -0.82349527
        20.5   0.33262691  -0.82516348
      20.625   0.32853079  -0.82676661
       20.75   0.31847951  -0.82689732
      20.875   0.31196401   -0.8303746
          21   0.31005731  -0.83128262
      21.125   0.30456194  -0.83389461
       21.25   0.29871577   -0.8364374
      21.375   0.29325935  -0.83764702
        21.5   0.28815308  -0.83994496
      21.625   0.28228214  -0.84129477
       21.75   0.27697176  -0.84318668
      21.875   0.27057302  -0.84381336
          22   0.26573488  -0.84530252
      22.125   0.25855207    -0.847202
       22.25   0.25328091  -0.85067809
      22.375   0.24880028  -0.85293531
        22.5   0.24127541  -0.85542393
      22.625   0.23772576  -0.85631377
       22.75   0.23139821  -0.85723156
      22.875   0.22679807  -0.85963696
          23   0.21868679  -0.86148715
      23.125   0.21393913  -0.86248606
       23.25   0.21114807  -0.86438274
      23.375   0.20473783  -0.86478448
        23.5     0.199283  -0.86724323
      23.625   0.18957014  -0.86922461
       23.75   0.18690956  -0.86976522
      23.875   0.18330924  -0.87000185
          24    0.1739618  -0.87162781
      24.125   0.17016691  -0.87476617
       24.25   0.16545242  -0.87562209
      24.375   0.15725343  -0.87725419
        24.5   0.15112972  -0.87834084
      24.625   0.14585811  -0.87938452
       24.75   0.13922064  -0.88026249
      24.875   0.13262972   -0.8824876
          25   0.12814257  -0.88331819
      25.125   0.12249399  -0.88579822
       25.25    0.1168251  -0.88763845
      25.375   0.10987476   -0.8880654
        25.5   0.10612013  -0.88921148
      25.625  0.098495029  -0.89086902
       25.75  0.091290846  -0.89130849
      25.875  0.085853592  -0.89211816
          26  0.079653174   -0.8938508
      26.125  0.071651325  -0.89495379
       26.25  0.067318052  -0.89591366
      26.375   0.06342116  -0.89780903
        26.5  0.053180203  -0.89878827
      26.625   0.04875521  -0.89842188
       26.75  0.040964212  -0.90137345
      26.875   0.03578046  -0.90326017
          27  0.029829876  -0.90415746
      27.125  0.023239139  -0.90419424
       27.25  0.015438775  -0.90617961
      27.375  0.010423269  -0.90643656
        27.5 0.0050830976  -0.90609753
      27.625 -0.0017531329  -0.90896869
       27.75 -0.0097532161  -0.90840703
      27.875 -0.015065192  -0.90944415
          28 -0.022382732   -0.9110527
      28.125 -0.029468028  -0.91063637
       28.25 -0.038597424  -0.91178334
      28.375 -0.042797819  -0.91070408
        28.5 -0.050257195  -0.91175979
      28.625 -0.056829561  -0.91267693
       28.75 -0.060681563  -0.91242248
      28.875 -0.070262738  -0.91223907
          29 -0.076999739   -0.9127208
      29.125 -0.083571285  -0.91269648
       29.25 -0.091697015  -0.91516596
      29.375  -0.09907826  -0.91601408
        29.5  -0.10515276  -0.91526622
      29.625  -0.11051945  -0.91450751
       29.75  -0.12105355  -0.91459423
      29.875  -0.12719007  -0.91599184
          30   -0.1352022  -0.91601801
      30.125  -0.14065209  -0.91612697
       30.25  -0.14895099  -0.91621476
      30.375  -0.15397359  -0.91600549
        30.5  -0.16495481  -0.91578251
      30.625  -0.17088683  -0.91619241
       30.75   -0.1778409  -0.91535234
      30.875  -0.18573447  -0.91303802
          31  -0.19369414  -0.91395617
      31.125  -0.20028371  -0.91325629
       31.25  -0.21055683  -0.91223079
      31.375  -0.21720879  -0.91130286
        31.5  -0.22253479  -0.91139704
      31.625   -0.2320753  -0.91175663
       31.75  -0.23979564  -0.91131157
      31.875  -0.24810086  -0.91085136
          32  -0.25471598   -0.9094196
      32.125  -0.26301986  -0.90557945
       32.25  -0.27185601  -0.90726018
      32.375  -0.27969265  -0.90590155
        32.5  -0.28715283  -0.90343577
      32.625  -0.29307362  -0.90266335
       32.75  -0.30606651  -0.90037352
      32.875  -0.31223011  -0.90030402
          33  -0.31890911  -0.89890373
      33.125  -0.32690156  -0.89582503
       33.25  -0.33698994  -0.89470321
      33.375  -0.34346205  -0.89340961
        33.5  -0.35184059  -0.89085221
      33.625  -0.36129415  -0.88600737
       33.75  -0.36798412  -0.88617051
      33.875  -0.37644374  -0.88384187
          34   -0.3839542  -0.88117152
      34.125  -0.39731124  -0.88170362
       34.25  -0.40553197  -0.87669992
      34.375  -0.41148928  -0.87395388
        34.5  -0.41697291  -0.87054521
      34.625  -0.42767361  -0.86783147
       34.75  -0.43645495  -0.86589503
      34.875  -0.44418114  -0.86098325
          35  -0.45406866  -0.85953403
      35.125  -0.45972389  -0.85556591
       35.25  -0.46901971  -0.85188591
      35.375  -0.47794026  -0.85079288
        35.5  -0.48925358  -0.84485877
      35.625   -0.4976126  -0.83842778
       35.75  -0.50373632  -0.83652699
      35.875  -0.51299512  -0.83298481
          36  -0.52014983  -0.82804769
      36.125  -0.52884573  -0.82452178
       36.25  -0.53994995    -0.821706
      36.375  -0.54694587  -0.81427658
        36.5  -0.55318475   -0.8131097
      36.625    -0.566149  -0.80751783
       36.75  -0.57248157  -0.80054504
      36.875  -0.58165234  -0.79597139
          37  -0.58846444  -0.79198813
      37.125  -0.59727609   -0.7876578
       37.25  -0.60415554  -0.77980596
      37.375  -0.61287862  -0.77547091
        37.5  -0.62488097  -0.77035362
      37.625  -0.63304979  -0.76338065
       37.75  -0.63921374  -0.75651169
      37.875  -0.64552188  -0.75356257
          38  -0.65644753  -0.74459988
      38.125  -0.66274482  -0.74040031
       38.25  -0.67024797  -0.73204815
      38.375  -0.67975879  -0.72583163
        38.5  -0.68584704  -0.71762884
      38.625  -0.69431674  -0.71155751
       38.75    -0.703758  -0.70455003
      38.875  -0.70829409  -0.69561297
          39  -0.71697658  -0.69093871
      39.125  -0.72573274  -0.68765616
       39.25   -0.7315957  -0.67535537
      39.375  -0.73742074  -0.66407746
        39.5  -0.74659514  -0.66115594
      39.625  -0.75786698  -0.65256822
       39.75  -0.76171625  -0.64414209
      39.875  -0.76787359   -0.6345731
          40  -0.77274895  -0.62848914
      40.125  -0.78086591  -0.61682397
       40.25  -0.78779989  -0.60759795
      40.375  -0.79437202  -0.60139084
        40.5  -0.79955685  -0.59328294
      40.625  -0.80844635  -0.58303469
       40.75  -0.81249624  -0.57522601
      40.875   -0.8193621  -0.56610847
          41  -0.82664824  -0.55748045
      41.125  -0.83363062  -0.54747379
       41.25  -0.83751065  -0.53573358
      41.375  -0.84321344  -0.52827281
        41.5  -0.84866631   -0.5201658
      41.625  -0.85357648  -0.50787574
       41.75  -0.85817283  -0.49809346
      41.875   -0.8633548  -0.49240837
          42  -0.86803269  -0.47831592
      42.125  -0.87496299  -0.47026682
       42.25  -0.88119811  -0.45728308
      42.375  -0.88455087  -0.45428619
        42.5  -0.88773668  -0.43904254
      42.625  -0.88893062  -0.42974842
       42.75  -0.89787143   -0.4151096
      42.875  -0.90196455  -0.40709144
          43  -0.90284538  -0.39808598
      43.125  -0.90458184  -0.38987145
       43.25  -0.90678531  -0.37839222
      43.375  -0.91387439  -0.36619094
        43.5  -0.91923547  -0.35544771
      43.625  -0.92179841  -0.34643698
       43.75  -0.92174751  -0.33511123
      43.875  -0.92702293  -0.32749936
          44  -0.92579693  -0.31724495
      44.125  -0.92784554  -0.30390507
       44.25   -0.9313696  -0.28946036
      44.375  -0.93372178  -0.27861086
        44.5  -0.93653327  -0.27054659
      44.625  -0.93896425  -0.26010644
       44.75  -0.94120854  -0.24808171
      44.875  -0.94034094  -0.23788217
          45  -0.94040483  -0.22895357
      45.125   -0.9412964  -0.21482471
       45.25  -0.94507331  -0.20770745
      45.375  -0.94762284  -0.19067025
        45.5  -0.94679236  -0.18247417
      45.625  -0.94679368   -0.1727864
       45.75  -0.94572949  -0.16335846
      45.875  -0.94757181    -0.154287
          46  -0.94614708  -0.13731223
      46.125  -0.94769293  -0.13151465
       46.25  -0.94821799  -0.12102444
      46.375  -0.94671291  -0.10841081
        46.5   -0.9472751 -0.097692743
      46.625  -0.94739848 -0.088868186
       46.75  -0.94598311  -0.07765124
      46.875  -0.94509995 -0.065403692
          47  -0.94529247 -0.056224767
      47.125  -0.94016033 -0.045261424
       47.25  -0.94132227 -0.037763827
      47.375  -0.93980604 -0.027773283
        47.5   -0.9372887 -0.014359244
      47.625  -0.93765658 -0.0045869509
       47.75  -0.93634248 0.0062244888
      47.875  -0.93424696  0.016165553
          48  -0.93176997  0.025443066
      48.125  -0.92790639  0.033540644
       48.25   -0.9286676  0.046933271
      48.375  -0.92510337   0.05412174
        48.5  -0.92464387  0.066576004
      48.625   -0.9216612  0.074084781
       48.75  -0.91971684  0.084639065
      48.875   -0.9169457  0.096278891
          49  -0.91676521   0.10453129
      49.125  -0.91517782   0.11274434
       49.25  -0.91234523   0.12311044
      49.375  -0.90746742   0.13482893
        49.5  -0.90515494   0.14245467
      49.625  -0.90495402   0.15057357
       49.75  -0.89874309   0.16120885
      49.875  -0.89517516    0.1697927
          50  -0.89172667   0.18156366
      50.125  -0.88795257   0.18919395
       50.25  -0.88678938   0.19787593
      50.375  -0.88374341   0.20634748
        50.5  -0.87717479   0.21750169
      50.625  -0.87630749   0.22416423
       50.75  -0.87107134   0.23359482
      50.875  -0.86820465   0.24460067
          51   -0.8661412   0.25255787
      51.125  -0.86184782   0.26102173
       51.25  -0.85901529   0.27249318
      51.375   -0.8530196   0.28055805
        51.5  -0.85018796   0.28738666
      51.625   -0.8455928   0.29505196
       51.75  -0.84055102   0.30363187
      51.875    -0.837134   0.31686825
          52  -0.83493501   0.32292965
      52.125  -0.83118224    0.3306292
       52.25  -0.82486606   0.34083977
      52.375  -0.81837547   0.34773341
        52.5  -0.81764191   0.35759494
      52.625  -0.81554252   0.36710566
       52.75  -0.80818677   0.37761757
      52.875   -0.8034932   0.38618779
          53  -0.80116695   0.39074504
      53.125  -0.79406524   0.40249419
       53.25  -0.79164183   0.41075593
      53.375  -0.78735656   0.41844532
        53.5  -0.78074688   0.42409709
      53.625  -0.77606285   0.43995923
       53.75  -0.77310771      0.44369
      53.875  -0.76837564   0.45366874
          54  -0.76409167   0.46030581
      54.125  -0.75524956   0.47059748
       54.25  -0.75028348   0.48068771
      54.375  -0.74842799   0.48719871
        54.5   -0.7431891   0.49842235
      54.625  -0.73709255    0.5047825
       54.75  -0.72800797   0.51855266
      54.875  -0.72568119    0.5239976
          55  -0.71761328   0.53468239
      55.125   -0.7143507   0.54164702
       55.25  -0.70886463   0.55265141
      55.375  -0.70357424    0.5592289
        55.5  -0.69622642   0.57075298
      55.625  -0.68926978   0.58216965
       55.75   -0.6829809   0.58923912
      55.875   -0.6777938   0.60009903
          56  -0.66903102   0.60921705
      56.125   -0.6651305   0.61341274
       56.25  -0.65409845   0.62841916
      56.375  -0.64810693   0.63543892
        56.5  -0.64242512   0.64536744
      56.625  -0.63374728   0.65721446
       56.75  -0.62458545   0.66712117
      56.875  -0.61836874   0.67919117
          57  -0.60959536   0.68751436
      57.125  -0.60172403   0.69569868
       57.25  -0.59471077    0.7062881
      57.375  -0.58423877   0.71729225
        57.5  -0.57390946   0.72624964
      57.625  -0.56544858   0.73645115
       57.75  -0.55213308   0.74766004
      57.875   -0.5438242   0.76051587
          58  -0.53622866   0.76997828
      58.125  -0.52413338   0.78458899
       58.25  -0.51251596   0.78864002
      58.375  -0.50161904   0.80029243
        58.5  -0.48891872   0.81356984
      58.625  -0.47696701   0.82462209
       58.75  -0.46132082   0.83263618
      58.875  -0.45349789   0.84090608
          59  -0.43143451   0.85945219
      59.125  -0.42106363   0.86126792
       59.25   -0.4020662   0.87579805
      59.375  -0.38870141   0.88608658
        59.5  -0.37634715   0.89714098
      59.625  -0.35936928   0.90540516
       59.75   -0.3297675   0.90783441
      59.875  -0.30600947   0.93278366
          60   -0.3060191   0.93337661
      60.125  -0.30590299   0.93447214
       60.25  -0.25949305   0.94280636
      60.375  -0.24131709   0.95652932
        60.5  -0.22409041    0.9662658
      60.625  -0.20032567   0.97659177
       60.75  -0.17909141   0.98149419
      60.875  -0.16057222   0.98468357
          61  -0.12369594   0.98027849
      61.125    -0.106014   0.99179798
       61.25 -0.075483352   0.99231261
      61.375 -0.059989624   0.99861813
        61.5 -0.027101729    1.0036401
      61.625 -0.0012690737     1.001395
       61.75  0.022713004    1.0009384
      61.875  0.047687281    0.9960618
          62  0.075491481   0.99888712
      62.125   0.10462223   0.99423814
       62.25   0.14414866   0.98757714
      62.375   0.16821674   0.97376084
        62.5   0.18843351   0.96696085
      62.625   0.21659121   0.96216863
       62.75    0.2428039   0.94477642
      62.875   0.27524742    0.9261266
          63   0.29678115   0.91107094
      63.125   0.32688475   0.90083522
       63.25   0.34423754   0.88788891
      63.375   0.37320241   0.86202258
        63.5   0.39335695   0.84412158
      63.625   0.41625312   0.82216954
       63.75   0.42944252   0.81016529
      63.875   0.46337712   0.76565182
          64   0.46777108   0.75486183
      64.125    0.4875412   0.73080724
       64.25    0.5076983   0.70379078
      64.375   0.51560897   0.68307269
        64.5   0.52874517   0.65761662
      64.625   0.54596269     0.631657
       64.75   0.54546863   0.60023522
      64.875   0.56012613    0.5649876
          65    0.5634867   0.54961205
      65.125   0.56018579   0.52728331
       65.25   0.56965256   0.49454674
      65.375   0.57236505   0.47895643
        65.5   0.58133674   0.45120788
      65.625   0.57570815   0.42449567
       65.75   0.57023239   0.40158147
      65.875   0.56947231   0.38182476
          66   0.56744748   0.35884407
      66.125   0.56486487   0.33756027
       66.25   0.56167954   0.31480116
      66.375    0.5575971   0.29595077
        66.5   0.55050296   0.27952376
      66.625   0.54678971   0.25066167
       66.75   0.53603703   0.24013744
      66.875   0.53097248    0.2241319
          67   0.51920998   0.21423158
      67.125   0.50957304   0.18746822
       67.25   0.50533819    0.1790164
      67.375   0.49584088   0.16446044
        67.5    0.4890413   0.15114422
      67.625   0.48020387    0.1401711
       67.75   0.46981224   0.12366536
      67.875   0.46265459   0.11688373
          68   0.45119774   0.10794966
      68.125   0.44069183  0.094745323
       68.25   0.43271619  0.086352877
      68.375   0.42466855  0.078045934
        68.5   0.41725373  0.070236601
      68.625   0.40759468  0.060474638
       68.75   0.39812204  0.054388385
      68.875   0.38914299  0.049338948
          69   0.38235661  0.039763093
      69.125    0.3724789  0.034080543
       69.25   0.36475709  0.029373487
      69.375   0.35548323  0.025623705
        69.5   0.34787112   0.01934818
      69.625   0.34014106  0.011860867
       69.75   0.33273581 0.0090359068
      69.875   0.32517144 0.0032565549
          70   0.31801796 -0.00031612997
      70.125   0.31020361 -0.0030979142
       70.25   0.30364111 -0.0054857014
      70.375   0.29647374 -0.0089103207
        70.5   0.28884012 -0.014598434
      70.625   0.28314406 -0.015671335
       70.75   0.27733153 -0.017461631
      70.875   0.27007189 -0.021214705
          71   0.26361918 -0.023232797
      71.125   0.25650418 -0.026190648
       71.25   0.25145635 -0.026556604
      71.375   0.24535185 -0.028548742
        71.5   0.24057695 -0.029400898
      71.625   0.23395345 -0.030914983
       71.75   0.22783159 -0.032017119
      71.875    0.2233908 -0.033704937
          72   0.21954063 -0.035928369
      72.125   0.21610716 -0.036551155
       72.25   0.20956203 -0.038909789
      72.375   0.20357276 -0.037725482
        72.5   0.19965762 -0.039618038
      72.625   0.19429934  -0.04126573
       72.75    0.1905646  -0.04173857
      72.875   0.18588169 -0.041479379
          73   0.18343322 -0.042370081
      73.125   0.17758642 -0.043158341
       73.25   0.17414191 -0.041805383
      73.375   0.17208527 -0.042656038
        73.5   0.16672081  -0.04364695
      73.625    0.1626448 -0.044343501
       73.75   0.15878916 -0.043600317
      73.875   0.15659878 -0.044887055
          74   0.15302426  -0.04467139
      74.125   0.14928369 -0.044061471
       74.25   0.14703748 -0.044612087
      74.375   0.14276393 -0.043525547
        74.5    0.1398603 -0.043396588
      74.625   0.13617486 -0.044021945
       74.75   0.13207629  -0.04519799
      74.875    0.1304362 -0.044896338
          75    0.1285291 -0.043860953
      75.125   0.12642252 -0.044235963
       75.25   0.12374584  -0.04414596
      75.375   0.12153067 -0.044189852
        75.5   0.11822817 -0.043705534
      75.625   0.11547111 -0.043623783
       75.75   0.11236979 -0.043239731
      75.875   0.10931466  -0.04347796
          76   0.10572193 -0.039627437
      76.125   0.10445291 -0.042841908
       76.25   0.10379595  -0.04286471
      76.375   0.10115959 -0.040584676
        76.5  0.099764168 -0.041587967
      76.625  0.097860083 -0.041469451
       76.75  0.095095627 -0.040490709
      76.875  0.092694022  -0.04098564
          77  0.090636857 -0.040786248
      77.125  0.088558078 -0.040086705
       77.25  0.087063849 -0.039465174
      77.375  0.086119048 -0.039597724
        77.5  0.083842397 -0.038931206
      77.625   0.08301121 -0.038198005
       77.75   0.08167164 -0.037379161
      77.875  0.079036392 -0.037568431
          78  0.077532873 -0.036257837
      78.125  0.075595692 -0.036185328
       78.25  0.074019074  -0.03550652
      78.375   0.07269375 -0.035956148
        78.5  0.071476273 -0.035903502
      78.625  0.069298476  -0.03590497
       78.75  0.068077065 -0.035705861
      78.875  0.067202486  -0.03493866
          79  0.065763898 -0.034149684
      79.125  0.063704357 -0.034133576
       79.25  0.062751301 -0.034537625
      79.375   0.06206888 -0.034647308
        79.5  0.060658991 -0.033766203
      79.625  0.058622546 -0.032733228
       79.75  0.057476483 -0.032564148
      79.875  0.057739813  -0.03199029
          80  0.056057423 -0.031836402
      80.125  0.054587599 -0.030696072
       80.25  0.054137122 -0.030839195
      80.375  0.053375691 -0.030794015
        80.5  0.051571283 -0.030503707
      80.625  0.049833361  -0.02976368
       80.75  0.049070254  -0.02989688
      80.875  0.048026234 -0.029013177
          81  0.047668822 -0.028169455
      81.125  0.047892947 -0.029467149
       81.25    0.0474906 -0.028600734
      81.375  0.047765128 -0.027781669
        81.5  0.045599096 -0.027639944
      81.625  0.043833319 -0.026474277
       81.75  0.042258132 -0.026621111
      81.875  0.041948259 -0.026382159
          82  0.041569225 -0.025812745
      82.125  0.040191572 -0.025497979
       82.25  0.039838158 -0.024862116
      82.375  0.038509201 -0.024642691
        82.5  0.038107514 -0.024817644
      82.625  0.037398543 -0.025103761
       82.75  0.036958281 -0.024922727
      82.875  0.035511985  -0.02416865
          83  0.035298616 -0.023965929
      83.125  0.034809414 -0.023951489
       83.25  0.033804752 -0.023229405
      83.375  0.033409465 -0.023013981
        83.5  0.032345064 -0.022630608
      83.625  0.030793661 -0.022473983
       83.75  0.030682337  -0.02241629
      83.875  0.031052537 -0.022174971
          84  0.030970201 -0.021753458
      84.125  0.030490454 -0.021429174
       84.25  0.029403113  -0.02125016
      84.375   0.02811506 -0.021078797
        84.5  0.027295114 -0.020579362
      84.625  0.027877955 -0.020791067
       84.75  0.026787436  -0.02017663
      84.875  0.026209248 -0.019563489
          85  0.026504537 -0.019340288
      85.125  0.026234394 -0.018810797
       85.25  0.025978973 -0.018898243
      85.375  0.025617331  -0.01911456
        85.5  0.025488416 -0.018509019
      85.625  0.023643866 -0.017956039
       85.75  0.022990555  -0.01819082
      85.875   0.02287636 -0.017925764
          86  0.022127891 -0.018434357
      86.125  0.020904377 -0.016686931
       86.25  0.021296224  -0.01715819
      86.375  0.021813357 -0.017654812
        86.5  0.021718729 -0.017151436
      86.625  0.021439809 -0.016975898
       86.75  0.020952083 -0.017380696
      86.875  0.019723391 -0.016131021
          87  0.018519502 -0.015038382
      87.125  0.017383436 -0.015525665
       87.25  0.017582482 -0.015564016
      87.375   0.01735051 -0.015012885
        87.5  0.017432922 -0.014662374
      87.625  0.017815968 -0.014033223
       87.75  0.017494939 -0.014163221
      87.875  0.016919535  -0.01404138
          88  0.015767997 -0.013972936
      88.125  0.016388774 -0.013194813
       88.25  0.016441217 -0.013413273
      88.375  0.016377835 -0.013472219
        88.5  0.015421213 -0.013122348
      88.625  0.014840188 -0.012908866
       88.75  0.014786747 -0.012530984
      88.875   0.01373777 -0.012352076
          89  0.014705868  -0.01222613
      89.125  0.014387287  -0.01232862
       89.25  0.013870759    -0.012702
      89.375   0.01377642 -0.013067826
        89.5  0.013665621 -0.011780445
      89.625  0.013937924 -0.012089606
       89.75  0.013597095 -0.012487787
      89.875  0.012080831 -0.011950589
          90  0.012305275 -0.011200769
      90.125  0.011823428 -0.012011206
       90.25   0.01130985 -0.010491388
      90.375  0.011319219 -0.0099571794
        90.5   0.01179548 -0.0097728511
      90.625  0.012546576 -0.010444872
       90.75  0.011699076 -0.010486331
      90.875   0.01107136 -0.0095950663
          91   0.01107912 -0.010368211
      91.125  0.010474961 -0.010749287
       91.25  0.011143243 -0.0099547599
      91.375  0.010221854 -0.0089485366
        91.5  0.010080597 -0.008408553
      91.625 0.0099955611 -0.0089819673
       91.75 0.0097783981 -0.0094474321
      91.875  0.010062608 -0.0088586509
          92   0.01078189 -0.0067153061
      92.125  0.011068853 -0.0073942193
       92.25  0.010030672 -0.0076302732
      92.375 0.0091045424 -0.008727083
        92.5 0.0083952006 -0.0089019146
      92.625 0.0088719856 -0.0090925908
       92.75 0.0097031156 -0.0084452238
      92.875 0.0092983348 -0.0084741246
          93 0.0076126074 -0.0082908366
      93.125 0.0079065524 -0.0076447567
       93.25 0.0081668356 -0.0073161195
      93.375 0.0079372944 -0.0082103061
        93.5 0.0076437076 -0.007419026
      93.625 0.0076048649 -0.0072195833
       93.75 0.0071442625 -0.0074382476
      93.875 0.0070723686 -0.0077246623
          94 0.0067309821 -0.0087752659
      94.125 0.0063090669 -0.0073567512
       94.25 0.0063334252 -0.0064491672
      94.375 0.0061787195 -0.0062005068
        94.5  0.005944394 -0.0068729455
      94.625 0.0066398252 -0.0060824035
       94.75 0.0068347533 -0.0067094979
      94.875 0.0066324314 -0.0070265653
          95 0.0062726312 -0.0068162321
      95.125 0.0058769817 -0.0060152775
       95.25  0.005393934 -0.0057228366
      95.375 0.0064174179 -0.0060462356
        95.5 0.0064632031 -0.0061098472
      95.625 0.0056376895 -0.0066297222
       95.75 0.0051098857 -0.0066024307
      95.875 0.0052166712 -0.0063180844
          96 0.0056349975 -0.0049471692
      96.125 0.0052543543 -0.0047189249
       96.25 0.0052168206 -0.0051452247
      96.375 0.0048612249 -0.0050386637
        96.5 0.0040691798 -0.0051328405
      96.625 0.0032978049 -0.005088401
       96.75 0.0049983263 -0.0053096348
      96.875 0.0049160407 -0.0048817415
          97 0.0044367942 -0.0049890098
      97.125 0.0046226247  -0.00482225
       97.25 0.0052633081 -0.0051547834
      97.375 0.0052328641 -0.0050684079
        97.5 0.0048822868 -0.0047021373
      97.625 0.0049510719 -0.0047941445
       97.75  0.005210964  -0.00477457
      97.875 0.0039238762 -0.0036391933
          98 0.0033786991 -0.002980344
      98.125 0.0023883728 -0.0040594707
       98.25 0.0022920594 -0.0038078479
      98.375 0.0031111799 -0.004239094
        98.5 0.0029274665 -0.0043942868
      98.625 0.0027725613 -0.0041275099
       98.75 0.0032083769  -0.00420964
      98.875 0.0038330574 -0.0036033876
          99 0.0031185937 -0.0037826328
      99.125 0.0028108563 -0.0034141149
       99.25 0.0038105936 -0.0039951643
      99.375 0.0037503566 -0.0030891576
        99.5 0.0036842064 -0.0034901821
      99.625 0.0022992438 -0.0033907306
       99.75 0.0020735476 -0.0035461779
      99.875 0.0028882159 -0.0030847443
         100 0.0029921001 -0.0031452375